<?xml version="1.0" encoding="UTF-8" standalone="no" ?>
<COLLADA xmlns="http://www.collada.org/2005/11/COLLADASchema" version="1.4.1">
    <asset>
        <contributor>
            <authoring_tool>SketchUp 17.0.1</authoring_tool>
        </contributor>
        <created>2018-01-06T05:07:41Z</created>
        <modified>2018-01-06T05:07:41Z</modified>
        <unit meter="0.0254" name="inch" />
        <up_axis>Z_UP</up_axis>
    </asset>
    <library_cameras>
        <camera id="ID1" name="skp_camera_Last_Saved_SketchUp_View">
            <optics>
                <technique_common>
                    <perspective>
                        <yfov>35</yfov>
                        <aspect_ratio>0</aspect_ratio>
                        <znear>1</znear>
                        <zfar>1000</zfar>
                    </perspective>
                </technique_common>
            </optics>
        </camera>
    </library_cameras>
    <library_visual_scenes>
        <visual_scene id="ID2">
            <node name="SketchUp">
                <node name="skp_camera_Last_Saved_SketchUp_View">
                    <matrix>-0.6583253 -0.1955286 0.726895 404.294 0.7527335 -0.1710053 0.6357275 4276.424 0 0.9656737 0.2597581 1185.299 0 0 0 1</matrix>
                    <instance_camera url="#ID1" />
                </node>
                <node id="ID3" name="instance_0">
                    <matrix>1 0 0 -3581.633 0 1 0 0 0 0 1 -1468.049 0 0 0 1</matrix>
                    <instance_node url="#ID4" />
                </node>
            </node>
        </visual_scene>
    </library_visual_scenes>
    <library_nodes>
        <node id="ID4" name="Component">
            <instance_geometry url="#ID306">
                <bind_material>
                    <technique_common>
                        <instance_material symbol="Material2" target="#ID307">
                            <bind_vertex_input semantic="UVSET0" input_semantic="TEXCOORD" input_set="0" />
                        </instance_material>
                    </technique_common>
                </bind_material>
            </instance_geometry>
            <instance_geometry url="#ID319">
                <bind_material>
                    <technique_common>
                        <instance_material symbol="Material2" target="#ID307">
                            <bind_vertex_input semantic="UVSET0" input_semantic="TEXCOORD" input_set="0" />
                        </instance_material>
                        <instance_material symbol="Material3" target="#ID324">
                            <bind_vertex_input semantic="UVSET0" input_semantic="TEXCOORD" input_set="0" />
                        </instance_material>
                    </technique_common>
                </bind_material>
            </instance_geometry>
            <instance_geometry url="#ID332">
                <bind_material>
                    <technique_common>
                        <instance_material symbol="Material2" target="#ID307">
                            <bind_vertex_input semantic="UVSET0" input_semantic="TEXCOORD" input_set="0" />
                        </instance_material>
                    </technique_common>
                </bind_material>
            </instance_geometry>
            <instance_geometry url="#ID340">
                <bind_material>
                    <technique_common>
                        <instance_material symbol="Material2" target="#ID307">
                            <bind_vertex_input semantic="UVSET0" input_semantic="TEXCOORD" input_set="0" />
                        </instance_material>
                    </technique_common>
                </bind_material>
            </instance_geometry>
            <instance_geometry url="#ID348">
                <bind_material>
                    <technique_common>
                        <instance_material symbol="Material2" target="#ID307">
                            <bind_vertex_input semantic="UVSET0" input_semantic="TEXCOORD" input_set="0" />
                        </instance_material>
                        <instance_material symbol="Material3" target="#ID324">
                            <bind_vertex_input semantic="UVSET0" input_semantic="TEXCOORD" input_set="0" />
                        </instance_material>
                    </technique_common>
                </bind_material>
            </instance_geometry>
            <node id="ID5" name="instance_1">
                <matrix>1 0 0 -2323.784 0 1 0 286.7488 0 0 1 1.035886 0 0 0 1</matrix>
                <instance_node url="#ID6" />
            </node>
            <node id="ID26" name="instance_2">
                <matrix>1 0 0 -2358.376 0 1 0 -256.8532 0 0 1 1118.581 0 0 0 1</matrix>
                <instance_node url="#ID27" />
            </node>
            <node id="ID184" name="instance_114">
                <matrix>1 0 0 -2304.424 0 1 0 1453.946 0 0 1 1151.677 0 0 0 1</matrix>
                <instance_node url="#ID27" />
            </node>
            <node id="ID185" name="instance_115">
                <matrix>1 0 0 -378.8583 0 1 0 516.9156 0 0 1 8.35318 0 0 0 1</matrix>
                <instance_node url="#ID186" />
            </node>
        </node>
        <node id="ID6" name="Komponenta_2">
            <instance_geometry url="#ID7">
                <bind_material>
                    <technique_common>
                        <instance_material symbol="Material2" target="#ID8">
                            <bind_vertex_input semantic="UVSET0" input_semantic="TEXCOORD" input_set="0" />
                        </instance_material>
                    </technique_common>
                </bind_material>
            </instance_geometry>
            <instance_geometry url="#ID20">
                <bind_material>
                    <technique_common>
                        <instance_material symbol="Material2" target="#ID21">
                            <bind_vertex_input semantic="UVSET0" input_semantic="TEXCOORD" input_set="0" />
                        </instance_material>
                    </technique_common>
                </bind_material>
            </instance_geometry>
        </node>
        <node id="ID27" name="V_Tree_Aspen">
            <node id="ID28" name="group_0">
                <matrix>0.75 0 0 -25.26161 0 0.5 0 -2.436964 0 0 0.575 -0.05087034 0 0 0 1</matrix>
                <instance_geometry url="#ID29">
                    <bind_material>
                        <technique_common>
                            <instance_material symbol="Material2" target="#ID30">
                                <bind_vertex_input semantic="UVSET0" input_semantic="TEXCOORD" input_set="0" />
                            </instance_material>
                        </technique_common>
                    </bind_material>
                </instance_geometry>
            </node>
            <node id="ID42" name="instance_3">
                <matrix>1 0 0 39.49491 0 1 0 53.89672 0 0 1 137.0735 0 0 0 1</matrix>
                <instance_node url="#ID43" />
            </node>
            <node id="ID85" name="instance_22">
                <matrix>1 0 0 34.43151 0 1 0 37.48476 0 0 1 130.9607 0 0 0 1</matrix>
                <instance_node url="#ID43" />
            </node>
            <node id="ID86" name="instance_23">
                <matrix>0.5 -0.8660254 0 58.98666 0.8660254 0.5 0 3.895603 -0 0 1 121.5196 0 0 0 1</matrix>
                <instance_node url="#ID43" />
            </node>
            <node id="ID87" name="instance_24">
                <matrix>1 0 0 31.83405 0 1 0 32.522 0 0 1 162.9726 0 0 0 1</matrix>
                <instance_node url="#ID43" />
            </node>
            <node id="ID88" name="instance_25">
                <matrix>1 0 0 49.09445 0 1 0 19.89145 0 0 1 159.6283 0 0 0 1</matrix>
                <instance_node url="#ID43" />
            </node>
            <node id="ID89" name="instance_26">
                <matrix>1 0 0 43.07302 0 1 0 4.933422 0 0 1 161.8607 0 0 0 1</matrix>
                <instance_node url="#ID43" />
            </node>
            <node id="ID90" name="instance_27">
                <matrix>1 0 0 54.96196 0 1 0 -11.26001 0 0 1 141.7542 0 0 0 1</matrix>
                <instance_node url="#ID43" />
            </node>
            <node id="ID91" name="instance_28">
                <matrix>1 0 0 88.43035 0 1 0 -6.690101 0 0 1 180.5834 0 0 0 1</matrix>
                <instance_node url="#ID43" />
            </node>
            <node id="ID92" name="instance_29">
                <matrix>-0.2300497 0.9731789 0 65.92609 -0.9731789 -0.2300497 0 39.13861 0 0 1 199.5453 0 0 0 1</matrix>
                <instance_node url="#ID43" />
            </node>
            <node id="ID93" name="instance_30">
                <matrix>1 0 0 38.66142 0 1 0 22.11039 0 0 1 268.1366 0 0 0 1</matrix>
                <instance_node url="#ID43" />
            </node>
            <node id="ID94" name="instance_31">
                <matrix>-0.1529858 0.9882284 0 53.41187 -0.9882284 -0.1529858 0 67.51443 0 0 1 268.1366 0 0 0 1</matrix>
                <instance_node url="#ID43" />
            </node>
            <node id="ID95" name="instance_32">
                <matrix>1 0 0 68.17184 0 1 0 -18.56798 0 0 1 233.4986 0 0 0 1</matrix>
                <instance_node url="#ID43" />
            </node>
            <node id="ID96" name="instance_33">
                <matrix>1 0 0 33.86338 0 1 0 -4.018191 0 0 1 184.4219 0 0 0 1</matrix>
                <instance_node url="#ID43" />
            </node>
            <node id="ID97" name="instance_34">
                <matrix>1 0 0 26.03348 0 1 0 -4.018191 0 0 1 184.4219 0 0 0 1</matrix>
                <instance_node url="#ID43" />
            </node>
            <node id="ID98" name="instance_35">
                <matrix>1 0 0 8.999601 0 1 0 -9.397903 0 0 1 135.4609 0 0 0 1</matrix>
                <instance_node url="#ID43" />
            </node>
            <node id="ID99" name="instance_36">
                <matrix>1 0 0 11.01093 0 1 0 12.32834 0 0 1 204.9102 0 0 0 1</matrix>
                <instance_node url="#ID43" />
            </node>
            <node id="ID100" name="instance_37">
                <matrix>1 0 0 9.071463 0 1 0 43.75531 0 0 1 237.75 0 0 0 1</matrix>
                <instance_node url="#ID43" />
            </node>
            <node id="ID101" name="instance_38">
                <matrix>1 0 0 -22.11604 0 1 0 43.75531 0 0 1 237.75 0 0 0 1</matrix>
                <instance_node url="#ID43" />
            </node>
            <node id="ID102" name="instance_39">
                <matrix>1 0 0 15.80154 0 1 0 -15.74507 0 0 1 217.7992 0 0 0 1</matrix>
                <instance_node url="#ID43" />
            </node>
            <node id="ID103" name="instance_40">
                <matrix>1 0 0 15.80154 0 1 0 -15.74507 0 0 1 286.8319 0 0 0 1</matrix>
                <instance_node url="#ID43" />
            </node>
            <node id="ID104" name="instance_41">
                <matrix>1 0 0 36.18665 0 1 0 23.40609 0 0 1 320.7123 0 0 0 1</matrix>
                <instance_node url="#ID43" />
            </node>
            <node id="ID105" name="instance_42">
                <matrix>-1.115774e-14 1 0 20.12801 -1 -1.115774e-14 0 45.86282 0 0 1 339.8536 0 0 0 1</matrix>
                <instance_node url="#ID43" />
            </node>
            <node id="ID106" name="instance_43">
                <matrix>1 0 0 24.05189 0 1 0 -7.668188 0 0 1 335.0608 0 0 0 1</matrix>
                <instance_node url="#ID43" />
            </node>
            <node id="ID107" name="instance_44">
                <matrix>1 0 0 25.19138 0 1 0 9.322735 0 0 1 288.573 0 0 0 1</matrix>
                <instance_node url="#ID43" />
            </node>
            <node id="ID108" name="instance_45">
                <matrix>1 0 0 14.33973 0 1 0 -7.163046 0 0 1 309.2487 0 0 0 1</matrix>
                <instance_node url="#ID43" />
            </node>
            <node id="ID109" name="instance_46">
                <matrix>-0.5 0.8660254 0 11.36276 -0.8660254 -0.5 0 34.86931 0 0 1 232.0499 0 0 0 1</matrix>
                <instance_node url="#ID43" />
            </node>
            <node id="ID110" name="instance_47">
                <matrix>-0.5 0.8660254 0 11.36276 -0.8660254 -0.5 0 34.86931 0 0 1 123.0745 0 0 0 1</matrix>
                <instance_node url="#ID43" />
            </node>
            <node id="ID111" name="instance_48">
                <matrix>-0.5 0.8660254 0 1.645931 -0.8660254 -0.5 0 -6.916803 0 0 1 170.4003 0 0 0 1</matrix>
                <instance_node url="#ID43" />
            </node>
            <node id="ID112" name="instance_49">
                <matrix>-0.5 0.8660254 0 39.4184 -0.8660254 -0.5 0 -7.357607 0 0 1 179.5824 0 0 0 1</matrix>
                <instance_node url="#ID43" />
            </node>
            <node id="ID113" name="instance_50">
                <matrix>-0.5 0.8660254 0 -15.91396 -0.8660254 -0.5 0 40.28439 0 0 1 136.9073 0 0 0 1</matrix>
                <instance_node url="#ID43" />
            </node>
            <node id="ID114" name="instance_51">
                <matrix>-0.5 0.8660254 0 -13.29433 -0.8660254 -0.5 0 25.7962 0 0 1 74.07726 0 0 0 1</matrix>
                <instance_node url="#ID43" />
            </node>
            <node id="ID115" name="instance_52">
                <matrix>0.5 -0.8660254 0 -42.11522 0.8660254 0.5 0 -24.2994 -0 0 1 161.8754 0 0 0 1</matrix>
                <instance_node url="#ID43" />
            </node>
            <node id="ID116" name="instance_53">
                <matrix>0.5 -0.8660254 0 3.150639 0.8660254 0.5 0 -21.0243 -0 0 1 161.1269 0 0 0 1</matrix>
                <instance_node url="#ID43" />
            </node>
            <node id="ID117" name="instance_54">
                <matrix>0.5 -0.8660254 0 72.99026 0.8660254 0.5 0 -25.45083 -0 0 1 166.6579 0 0 0 1</matrix>
                <instance_node url="#ID43" />
            </node>
            <node id="ID118" name="instance_55">
                <matrix>0.5 -0.8660254 0 -73.46534 0.8660254 0.5 0 -58.16338 -0 0 1 144.8985 0 0 0 1</matrix>
                <instance_node url="#ID43" />
            </node>
            <node id="ID119" name="instance_56">
                <matrix>0.5 -0.8660254 0 -31.59034 0.8660254 0.5 0 -58.16338 -0 0 1 144.8985 0 0 0 1</matrix>
                <instance_node url="#ID43" />
            </node>
            <node id="ID120" name="instance_57">
                <matrix>0.5 -0.8660254 0 -34.14427 0.8660254 0.5 0 -4.954124 -0 0 1 172.4151 0 0 0 1</matrix>
                <instance_node url="#ID43" />
            </node>
            <node id="ID121" name="instance_58">
                <matrix>0.5 -0.8660254 0 -63.2265 0.8660254 0.5 0 34.46725 -0 0 1 188.9462 0 0 0 1</matrix>
                <instance_node url="#ID43" />
            </node>
            <node id="ID122" name="instance_59">
                <matrix>0.5 -0.8660254 0 -48.58841 0.8660254 0.5 0 22.65113 -0 0 1 209.3475 0 0 0 1</matrix>
                <instance_node url="#ID43" />
            </node>
            <node id="ID123" name="instance_60">
                <matrix>0.5 -0.8660254 0 -20.85931 0.8660254 0.5 0 -79.59294 -0 0 1 209.3475 0 0 0 1</matrix>
                <instance_node url="#ID43" />
            </node>
            <node id="ID124" name="instance_61">
                <matrix>0.5 -0.8660254 0 -45.13442 0.8660254 0.5 0 -44.00215 -0 0 1 247.32 0 0 0 1</matrix>
                <instance_node url="#ID43" />
            </node>
            <node id="ID125" name="instance_62">
                <matrix>0.5 -0.8660254 0 -15.99321 0.8660254 0.5 0 -36.08776 -0 0 1 239.7052 0 0 0 1</matrix>
                <instance_node url="#ID43" />
            </node>
            <node id="ID126" name="instance_63">
                <matrix>0.5 -0.8660254 0 -15.99321 0.8660254 0.5 0 -36.08776 -0 0 1 216.6239 0 0 0 1</matrix>
                <instance_node url="#ID43" />
            </node>
            <node id="ID127" name="instance_64">
                <matrix>0.5 -0.8660254 0 -59.34278 0.8660254 0.5 0 -36.08776 -0 0 1 297.7707 0 0 0 1</matrix>
                <instance_node url="#ID43" />
            </node>
            <node id="ID128" name="instance_65">
                <matrix>0.5 -0.8660254 0 -43.21778 0.8660254 0.5 0 -36.08776 -0 0 1 297.7707 0 0 0 1</matrix>
                <instance_node url="#ID43" />
            </node>
            <node id="ID129" name="instance_66">
                <matrix>0.5 -0.8660254 0 -38.43068 0.8660254 0.5 0 -25.9497 -0 0 1 266.4154 0 0 0 1</matrix>
                <instance_node url="#ID43" />
            </node>
            <node id="ID130" name="instance_67">
                <matrix>0.5 -0.8660254 0 -18.48046 0.8660254 0.5 0 -59.3836 -0 0 1 294.3355 0 0 0 1</matrix>
                <instance_node url="#ID43" />
            </node>
            <node id="ID131" name="instance_68">
                <matrix>0.5 -0.8660254 0 -13.21481 0.8660254 0.5 0 -5.088345 -0 0 1 307.2171 0 0 0 1</matrix>
                <instance_node url="#ID43" />
            </node>
            <node id="ID132" name="instance_69">
                <matrix>0.5 -0.8660254 0 6.745203 0.8660254 0.5 0 -88.78032 -0 0 1 129.5026 0 0 0 1</matrix>
                <instance_node url="#ID43" />
            </node>
            <node id="ID133" name="instance_70">
                <matrix>0.5 -0.8660254 0 -7.390035 0.8660254 0.5 0 -9.093778 -0 0 1 194.2408 0 0 0 1</matrix>
                <instance_node url="#ID43" />
            </node>
            <node id="ID134" name="instance_71">
                <matrix>0.5 -0.8660254 0 -12.78955 0.8660254 0.5 0 -8.790948 -0 0 1 182.1777 0 0 0 1</matrix>
                <instance_node url="#ID43" />
            </node>
            <node id="ID135" name="instance_72">
                <matrix>0.5 -0.8660254 0 -21.37695 0.8660254 0.5 0 17.45916 -0 0 1 241.9604 0 0 0 1</matrix>
                <instance_node url="#ID43" />
            </node>
            <node id="ID136" name="instance_73">
                <matrix>0.5 -0.8660254 0 -21.37695 0.8660254 0.5 0 54.27166 -0 0 1 241.9604 0 0 0 1</matrix>
                <instance_node url="#ID43" />
            </node>
            <node id="ID137" name="instance_74">
                <matrix>0.5 -0.8660254 0 60.55088 0.8660254 0.5 0 -18.99658 -0 0 1 224.9769 0 0 0 1</matrix>
                <instance_node url="#ID43" />
            </node>
            <node id="ID138" name="instance_75">
                <matrix>0.5 -0.8660254 0 -13.48244 0.8660254 0.5 0 -113.8964 -0 0 1 157.1324 0 0 0 1</matrix>
                <instance_node url="#ID43" />
            </node>
            <node id="ID139" name="instance_76">
                <matrix>0.5 -0.8660254 0 -1.6514 0.8660254 0.5 0 -103.1793 -0 0 1 174.1322 0 0 0 1</matrix>
                <instance_node url="#ID43" />
            </node>
            <node id="ID140" name="instance_77">
                <matrix>0.5 -0.8660254 0 7.24754 0.8660254 0.5 0 -86.76871 -0 0 1 199.1294 0 0 0 1</matrix>
                <instance_node url="#ID43" />
            </node>
            <node id="ID141" name="instance_78">
                <matrix>0.5 -0.8660254 0 33.8356 0.8660254 0.5 0 -88.29034 -0 0 1 165.8252 0 0 0 1</matrix>
                <instance_node url="#ID43" />
            </node>
            <node id="ID142" name="instance_79">
                <matrix>0.5 -0.8660254 0 -45.17198 0.8660254 0.5 0 -36.2658 -0 0 1 304.209 0 0 0 1</matrix>
                <instance_node url="#ID43" />
            </node>
            <node id="ID143" name="instance_80">
                <matrix>0.5 -0.8660254 0 -52.20592 0.8660254 0.5 0 -24.76397 -0 0 1 343.3717 0 0 0 1</matrix>
                <instance_node url="#ID43" />
            </node>
            <node id="ID144" name="instance_81">
                <matrix>0.5 -0.8660254 0 -28.08092 0.8660254 0.5 0 -24.76397 -0 0 1 343.3717 0 0 0 1</matrix>
                <instance_node url="#ID43" />
            </node>
            <node id="ID145" name="instance_82">
                <matrix>0.5 -0.8660254 0 -13.29705 0.8660254 0.5 0 39.25789 -0 0 1 363.7974 0 0 0 1</matrix>
                <instance_node url="#ID43" />
            </node>
            <node id="ID146" name="instance_83">
                <matrix>0.5 -0.8660254 0 17.14441 0.8660254 0.5 0 39.25789 -0 0 1 355.4602 0 0 0 1</matrix>
                <instance_node url="#ID43" />
            </node>
            <node id="ID147" name="instance_84">
                <matrix>0.5 -0.8660254 0 23.33763 0.8660254 0.5 0 40.1913 -0 0 1 351.2968 0 0 0 1</matrix>
                <instance_node url="#ID43" />
            </node>
            <node id="ID148" name="instance_85">
                <matrix>0.5 -0.8660254 0 -7.500097 0.8660254 0.5 0 -60.49852 -0 0 1 308.3388 0 0 0 1</matrix>
                <instance_node url="#ID43" />
            </node>
            <node id="ID149" name="instance_86">
                <matrix>0.5 -0.8660254 0 80.93678 0.8660254 0.5 0 -28.29903 -0 0 1 308.2883 0 0 0 1</matrix>
                <instance_node url="#ID43" />
            </node>
            <node id="ID150" name="instance_87">
                <matrix>-0.2957081 0.9552784 0 1.01843 -0.9552784 -0.2957081 0 -28.00134 0 0 1 289.7107 0 0 0 1</matrix>
                <instance_node url="#ID43" />
            </node>
            <node id="ID151" name="instance_88">
                <matrix>-0.2957081 0.9552784 0 47.08033 -0.9552784 -0.2957081 0 15.39326 0 0 1 325.1381 0 0 0 1</matrix>
                <instance_node url="#ID43" />
            </node>
            <node id="ID152" name="instance_89">
                <matrix>-0.2957081 0.9552784 0 42.54075 -0.9552784 -0.2957081 0 30.45776 0 0 1 337.312 0 0 0 1</matrix>
                <instance_node url="#ID43" />
            </node>
            <node id="ID153" name="instance_90">
                <matrix>-0.2957081 0.9552784 0 -16.00061 -0.9552784 -0.2957081 0 -41.6621 0 0 1 277.1752 0 0 0 1</matrix>
                <instance_node url="#ID43" />
            </node>
            <node id="ID154" name="instance_91">
                <matrix>-0.2957081 0.9552784 0 15.45674 -0.9552784 -0.2957081 0 -0.5707647 0 0 1 277.1752 0 0 0 1</matrix>
                <instance_node url="#ID43" />
            </node>
            <node id="ID155" name="instance_92">
                <matrix>-0.2957081 0.9552784 0 20.98403 -0.9552784 -0.2957081 0 -18.33497 0 0 1 221.1342 0 0 0 1</matrix>
                <instance_node url="#ID43" />
            </node>
            <node id="ID156" name="instance_93">
                <matrix>1 0 0 39.49491 0 1 0 -115.6329 0 0 1 236.0598 0 0 0 1</matrix>
                <instance_node url="#ID43" />
            </node>
            <node id="ID157" name="instance_94">
                <matrix>1 0 0 31.91127 0 1 0 -107.5063 0 0 1 229.8741 0 0 0 1</matrix>
                <instance_node url="#ID43" />
            </node>
            <node id="ID158" name="instance_95">
                <matrix>1 0 0 0.8962246 0 1 0 -29.51974 0 0 1 222.7053 0 0 0 1</matrix>
                <instance_node url="#ID43" />
            </node>
            <node id="ID159" name="instance_96">
                <matrix>1 0 0 -4.776249 0 1 0 -13.09796 0 0 1 258.9314 0 0 0 1</matrix>
                <instance_node url="#ID43" />
            </node>
            <node id="ID160" name="instance_97">
                <matrix>1 0 0 -20.4233 0 1 0 -49.89626 0 0 1 117.2868 0 0 0 1</matrix>
                <instance_node url="#ID43" />
            </node>
            <node id="ID161" name="instance_98">
                <matrix>1 0 0 -57.16251 0 1 0 -1.821335 0 0 1 336.0339 0 0 0 1</matrix>
                <instance_node url="#ID43" />
            </node>
            <node id="ID162" name="instance_99">
                <matrix>1 0 0 -57.16251 0 1 0 -1.821335 0 0 1 368.6589 0 0 0 1</matrix>
                <instance_node url="#ID43" />
            </node>
            <node id="ID163" name="instance_100">
                <matrix>1 0 0 -30.69966 0 1 0 -23.36346 0 0 1 274.974 0 0 0 1</matrix>
                <instance_node url="#ID43" />
            </node>
            <node id="ID164" name="instance_101">
                <matrix>0.5 -0.8660254 0 25.7499 0.8660254 0.5 0 -60.49852 -0 0 1 308.3388 0 0 0 1</matrix>
                <instance_node url="#ID43" />
            </node>
            <node id="ID165" name="instance_102">
                <matrix>0.5 -0.8660254 7.45058e-09 73.29399 0.8660254 0.5 1.290478e-08 -107.6039 -1.490116e-08 -2.887776e-17 1 138.735 0 0 0 1</matrix>
                <instance_node url="#ID43" />
            </node>
            <node id="ID166" name="instance_103">
                <matrix>0.5 -0.8660254 7.45058e-09 98.80797 0.8660254 0.5 1.290478e-08 -82.38212 -1.490116e-08 -2.887776e-17 1 148.3843 0 0 0 1</matrix>
                <instance_node url="#ID43" />
            </node>
            <node id="ID167" name="instance_104">
                <matrix>0.5 -0.8365163 -0.2241439 -8.661597 0.8660254 0.4829629 0.1294095 6.018337 5.551115e-17 -0.258819 0.9659258 353.4388 0 0 0 1</matrix>
                <instance_node url="#ID43" />
            </node>
            <node id="ID168" name="instance_105">
                <matrix>0.5 -0.8365163 -0.2241439 19.02422 0.8660254 0.4829629 0.1294095 -49.19856 5.551115e-17 -0.258819 0.9659258 252.9478 0 0 0 1</matrix>
                <instance_node url="#ID43" />
            </node>
            <node id="ID169" name="instance_106">
                <matrix>0.5 -0.8365163 -0.2241439 19.02422 0.8660254 0.4829629 0.1294095 -102.5513 5.551115e-17 -0.258819 0.9659258 252.9478 0 0 0 1</matrix>
                <instance_node url="#ID43" />
            </node>
            <node id="ID170" name="instance_107">
                <matrix>0.5 -0.8365163 -0.2241439 11.5584 0.8660254 0.4829629 0.1294095 -93.35599 5.551115e-17 -0.258819 0.9659258 254.1059 0 0 0 1</matrix>
                <instance_node url="#ID43" />
            </node>
            <node id="ID171" name="instance_108">
                <matrix>0.5 -0.8365163 -0.2241439 88.34612 0.8660254 0.4829629 0.1294095 -10.98121 5.551115e-17 -0.258819 0.9659258 236.1834 0 0 0 1</matrix>
                <instance_node url="#ID43" />
            </node>
            <node id="ID172" name="instance_109">
                <matrix>1 0 0 -33.31832 0 1 0 -25.84375 0 0 1 193.6257 0 0 0 1</matrix>
                <instance_node url="#ID43" />
            </node>
            <node id="ID173" name="instance_110">
                <matrix>1 0 0 16.24419 0 1 0 -110.6857 0 0 1 127.071 0 0 0 1</matrix>
                <instance_node url="#ID43" />
            </node>
            <node id="ID174" name="instance_111">
                <matrix>0.595 4.41067e-17 4.336809e-19 -89.66219 0 0.595 -2.168404e-18 -35.79733 8.673617e-19 8.673617e-19 0.595 -0.05065227 0 0 0 1</matrix>
                <instance_node url="#ID175" />
            </node>
            <node id="ID182" name="instance_112">
                <matrix>0.07735519 -0.4939679 0.003448602 15.68327 0.4939679 0.07737579 0.002950522 -85.21191 -0.003448602 0.002950522 0.4999794 0.3376611 0 0 0 1</matrix>
                <instance_node url="#ID175" />
            </node>
            <node id="ID183" name="instance_113">
                <matrix>-0.3999059 0.3848286 -0.002686654 35.35105 -0.3848286 -0.3998593 0.006666284 79.30536 0.002686654 0.006666284 0.5549535 -0.8362068 0 0 0 1</matrix>
                <instance_node url="#ID175" />
            </node>
        </node>
        <node id="ID43" name="Leaf_Bunch">
            <node id="ID44" name="instance_4">
                <matrix>-0.8358805 -0.5101134 -0.2027019 19.92765 0.5480059 -0.79672 -0.2548073 44.7813 -0.03151609 -0.3240703 0.9455079 34.18525 0 0 0 1</matrix>
                <instance_node url="#ID45" />
            </node>
            <node id="ID68" name="instance_5">
                <matrix>0.4550676 -0.7491196 0.4813868 29.1229 0.8894623 0.4079537 -0.2059868 6.529591 -0.04207473 0.5219134 0.8519602 2.863703 0 0 0 1</matrix>
                <instance_node url="#ID45" />
            </node>
            <node id="ID69" name="instance_6">
                <matrix>0.258819 -0.9659258 0 20.62423 0.9659258 0.258819 -2.775558e-17 22.56805 2.680983e-17 7.183672e-18 1 4.594367 0 0 0 1</matrix>
                <instance_node url="#ID45" />
            </node>
            <node id="ID70" name="instance_7">
                <matrix>0.258819 -0.9659258 0 27.49923 0.9659258 0.258819 -2.775558e-17 29.80046 2.680983e-17 7.183672e-18 1 12.73628 0 0 0 1</matrix>
                <instance_node url="#ID45" />
            </node>
            <node id="ID71" name="instance_8">
                <matrix>-0.760406 -0.649448 2.775558e-17 13.62271 0.649448 -0.760406 5.551115e-17 32.72278 -1.49461e-17 6.023681e-17 1 10.27033 0 0 0 1</matrix>
                <instance_node url="#ID45" />
            </node>
            <node id="ID72" name="instance_9">
                <matrix>0.258819 -0.9659258 0 20.62423 0.9659258 0.258819 -2.775558e-17 13.42546 2.680983e-17 7.183672e-18 1 12.73628 0 0 0 1</matrix>
                <instance_node url="#ID45" />
            </node>
            <node id="ID73" name="instance_10">
                <matrix>0.46987 -0.71595 0.5163698 21.91394 0.8812497 0.4143778 -0.2273544 37.85239 -0.05119787 0.5618777 0.8256344 31.59284 0 0 0 1</matrix>
                <instance_node url="#ID45" />
            </node>
            <node id="ID74" name="instance_11">
                <matrix>0.4113135 -0.8300425 0.3766306 22.40566 0.9112482 0.3840522 -0.1487637 24.52368 -0.02116564 0.4043925 0.9143406 22.87374 0 0 0 1</matrix>
                <instance_node url="#ID45" />
            </node>
            <node id="ID75" name="instance_12">
                <matrix>0.4167831 -0.8211751 0.3898246 21.49311 0.9087063 0.3873984 -0.1554842 31.95411 -0.02333769 0.4190393 0.9076681 27.17281 0 0 0 1</matrix>
                <instance_node url="#ID45" />
            </node>
            <node id="ID76" name="instance_13">
                <matrix>0.4650009 -0.7272268 0.5048914 22.08132 0.8840044 0.4123697 -0.2201988 33.7426 -0.04806741 0.5487189 0.834624 17.55003 0 0 0 1</matrix>
                <instance_node url="#ID45" />
            </node>
            <node id="ID77" name="instance_14">
                <matrix>-0.8404431 -0.4972928 -0.2153025 18.20622 0.5407455 -0.7955364 -0.2733426 38.51019 -0.03534971 -0.3461528 0.937512 32.21062 0 0 0 1</matrix>
                <instance_node url="#ID45" />
            </node>
            <node id="ID78" name="instance_15">
                <matrix>-0.8632281 -0.4205558 -0.279231 16.26423 0.5012274 -0.7798571 -0.3749587 49.76366 -0.06006924 -0.4636331 0.8839887 29.02714 0 0 0 1</matrix>
                <instance_node url="#ID45" />
            </node>
            <node id="ID79" name="instance_16">
                <matrix>-0.760406 -0.649448 2.775558e-17 16.06021 0.649448 -0.760406 5.551115e-17 27.89525 -1.49461e-17 6.023681e-17 1 22.33344 0 0 0 1</matrix>
                <instance_node url="#ID45" />
            </node>
            <node id="ID80" name="instance_17">
                <matrix>-0.8546867 -0.4521778 -0.2550409 19.94175 0.516774 -0.7879289 -0.3348322 24.17525 -0.04955038 -0.4179751 0.9071061 20.22594 0 0 0 1</matrix>
                <instance_node url="#ID45" />
            </node>
            <node id="ID81" name="instance_18">
                <matrix>-0.760406 -0.649448 2.775558e-17 19.87271 0.649448 -0.760406 5.551115e-17 16.34778 -1.49461e-17 6.023681e-17 1 10.27033 0 0 0 1</matrix>
                <instance_node url="#ID45" />
            </node>
            <node id="ID82" name="instance_19">
                <matrix>-0.5570929 -0.6502897 0.5164987 17.85851 0.8266525 -0.3748284 0.4197014 0.2343896 -0.07932912 0.6607776 0.7463778 -0.5709164 0 0 0 1</matrix>
                <instance_node url="#ID45" />
            </node>
            <node id="ID83" name="instance_20">
                <matrix>-0.760406 -0.649448 2.775558e-17 9.35311 0.649448 -0.760406 5.551115e-17 7.965227 -1.49461e-17 6.023681e-17 1 2.404041 0 0 0 1</matrix>
                <instance_node url="#ID45" />
            </node>
            <node id="ID84" name="instance_21">
                <matrix>-0.8934039 -0.2565201 -0.3688184 8.796559 0.432883 -0.7111394 -0.5539794 15.22883 -0.1201744 -0.6545825 0.7463778 4.270364 0 0 0 1</matrix>
                <instance_node url="#ID45" />
            </node>
        </node>
        <node id="ID45" name="Single_Leaf">
            <instance_geometry url="#ID46">
                <bind_material>
                    <technique_common>
                        <instance_material symbol="Material2" target="#ID47">
                            <bind_vertex_input semantic="UVSET0" input_semantic="TEXCOORD" input_set="0" />
                        </instance_material>
                        <instance_material symbol="Material3" target="#ID52">
                            <bind_vertex_input semantic="UVSET0" input_semantic="TEXCOORD" input_set="0" />
                        </instance_material>
                    </technique_common>
                </bind_material>
            </instance_geometry>
            <instance_geometry url="#ID56">
                <bind_material>
                    <technique_common>
                        <instance_material symbol="Material2" target="#ID47">
                            <bind_vertex_input semantic="UVSET0" input_semantic="TEXCOORD" input_set="0" />
                        </instance_material>
                        <instance_material symbol="Material3" target="#ID52">
                            <bind_vertex_input semantic="UVSET0" input_semantic="TEXCOORD" input_set="0" />
                        </instance_material>
                    </technique_common>
                </bind_material>
            </instance_geometry>
            <instance_geometry url="#ID62">
                <bind_material>
                    <technique_common>
                        <instance_material symbol="Material2" target="#ID63">
                            <bind_vertex_input semantic="UVSET0" input_semantic="TEXCOORD" input_set="0" />
                        </instance_material>
                    </technique_common>
                </bind_material>
            </instance_geometry>
        </node>
        <node id="ID175" name="Branches">
            <instance_geometry url="#ID176">
                <bind_material>
                    <technique_common>
                        <instance_material symbol="Material2" target="#ID177">
                            <bind_vertex_input semantic="UVSET0" input_semantic="TEXCOORD" input_set="0" />
                        </instance_material>
                    </technique_common>
                </bind_material>
            </instance_geometry>
        </node>
        <node id="ID186" name="V_Tree_Evergreen_31_">
            <node id="ID187" name="instance_116">
                <matrix>-0.3906548 0.6081031 -0.3244512 -51.132 -0.6682985 -0.2429483 0.349317 53.0396 0.1686272 0.4459326 0.6327544 113.9902 0 0 0 1</matrix>
                <instance_node url="#ID188" />
            </node>
            <node id="ID207" name="instance_117">
                <matrix>0.1910229 0.6820857 -0.3548783 -98.1598 -0.7688158 0.1646472 -0.09737953 14.6785 -0.01008698 0.3678581 0.7016038 44.16808 0 0 0 1</matrix>
                <instance_node url="#ID188" />
            </node>
            <node id="ID208" name="instance_118">
                <matrix>0.834406 0.5394657 -0.3586082 -90.49369 -0.6447751 0.7479466 -0.3750963 -61.83334 0.06235503 0.5151785 0.9200865 40.49852 0 0 0 1</matrix>
                <instance_node url="#ID188" />
            </node>
            <node id="ID209" name="instance_119">
                <matrix>0.9486233 0.3903617 -0.1535986 -72.26466 -0.4619193 0.7579174 -0.4210427 -67.67017 -0.05099636 0.3962937 0.9565495 180.4508 0 0 0 1</matrix>
                <instance_node url="#ID188" />
            </node>
            <node id="ID210" name="instance_120">
                <matrix>-0.7099748 -0.5349138 0.1873241 79.58079 -0.5667655 0.6700749 -0.2346569 -53.54842 2.081668e-17 0.3002569 0.8573991 232.633 0 0 0 1</matrix>
                <instance_node url="#ID211" />
            </node>
            <node id="ID224" name="instance_121">
                <matrix>0.7011115 -0.1671627 0.1617931 2.062994 0.2165268 0.6567557 -0.2597417 -100.9644 -0.08506763 0.2939494 0.6723354 43.6269 0 0 0 1</matrix>
                <instance_node url="#ID225" />
            </node>
            <node id="ID252" name="instance_122">
                <matrix>-0.7685038 -0.174845 0.08062423 47.53535 0.192274 -0.6795431 0.3590558 64.00156 -0.01008698 0.3678581 0.7016038 259.765 0 0 0 1</matrix>
                <instance_node url="#ID188" />
            </node>
            <node id="ID253" name="instance_123">
                <matrix>-0.50212 -0.6739153 0.3449653 87.14423 -0.7549106 0.4769673 -0.1670316 -29.53075 0.05720935 0.3789824 0.8236424 259.6594 0 0 0 1</matrix>
                <instance_node url="#ID211" />
            </node>
            <node id="ID254" name="instance_124">
                <matrix>0.706192 -0.1812199 0.1188694 9.378638 0.201688 0.6978137 -0.1343717 -109.5533 -0.07932564 0.1609134 0.7165836 91.2275 0 0 0 1</matrix>
                <instance_node url="#ID225" />
            </node>
            <node id="ID255" name="instance_125">
                <matrix>0.3498586 0.206994 -0.007752541 -42.23949 -0.1865414 0.3082331 -0.1884207 -37.23592 -0.09004948 0.1656911 0.3602017 306.2949 0 0 0 1</matrix>
                <instance_node url="#ID225" />
            </node>
            <node id="ID256" name="instance_126">
                <matrix>0.264662 0.1956525 -0.238205 -35.6586 -0.2471184 0.3223412 -0.009806647 -42.82792 0.1842661 0.1512738 0.3289829 158.0468 0 0 0 1</matrix>
                <instance_node url="#ID225" />
            </node>
            <node id="ID257" name="instance_127">
                <matrix>-0.1484802 -0.451988 0.1801448 73.98013 0.6153228 -0.09584511 0.09625025 -4.587945 -0.0539886 0.1506904 0.6015538 297.0481 0 0 0 1</matrix>
                <instance_node url="#ID225" />
            </node>
            <node id="ID258" name="instance_128">
                <matrix>-0.6419681 -0.3652869 0.01096178 73.24952 0.3401705 -0.5891918 0.2877754 75.68211 -0.1335617 0.2551394 0.6802521 202.9624 0 0 0 1</matrix>
                <instance_node url="#ID225" />
            </node>
            <node id="ID259" name="instance_129">
                <matrix>-0.6419681 -0.3652869 0.01096178 76.03539 0.3567382 -0.6215706 0.1790685 82.44798 -0.07932564 0.1609134 0.7165836 160.1283 0 0 0 1</matrix>
                <instance_node url="#ID225" />
            </node>
            <node id="ID260" name="instance_130">
                <matrix>-0.5498385 -0.5083799 0.2586438 74.22792 0.5703026 -0.4836315 0.2617723 29.08651 -0.01008698 0.3678581 0.7016038 253.8929 0 0 0 1</matrix>
                <instance_node url="#ID188" />
            </node>
            <node id="ID261" name="instance_131">
                <matrix>0.7443044 0.3780928 -0.1875371 -70.68272 -0.4219072 0.6567514 -0.3504073 -59.02387 -0.01089394 0.3972868 0.7577321 62.07314 0 0 0 1</matrix>
                <instance_node url="#ID188" />
            </node>
            <node id="ID262" name="instance_132">
                <matrix>0.9480272 -0.5989822 0.2097606 39.69181 -0.6346489 -0.894749 0.3133366 119.5069 -4.857226e-17 0.3770668 1.076734 96.51848 0 0 0 1</matrix>
                <instance_node url="#ID211" />
            </node>
            <node id="ID263" name="instance_133">
